lightgbm:
  objective: binary
  n_estimators: 2000
  learning_rate: 0.03850848415196916
  max_depth: 7
  num_leaves: 17
  subsample: 0.8631959666944924
  colsample_bytree: 0.5696377349282716
  reg_alpha: 1.4175042636295621e-08
  reg_lambda: 2.4265734997580064
  random_state: 42
  n_jobs: -1
  force_col_wise: true
  verbosity: -1
early_stopping_rounds: 100
walk_forward:
  train_bars: 12000
  val_bars: 2000
  test_bars: 2000
  step_bars: 2000
thresholds:
  long: 0.60
  short: 0.40
